0 0.13127413125 0.084942084375 0.124517375 0.15572715625 0.725868725 0.1737451734375 0.7220077218750001 0.1119691125 0.13127413125 0.084942084375
0 0.765444015625 0.17503217499999998 0.997104246875 0.196911196875 1 0.140283140625 0.758687259375 0.11583011562500001 0.765444015625 0.17503217499999998
0 0.18822393906249998 0.209781209375 0.195945946875 0.24967825000000002 0.6399613890625 0.26126126250000004 0.6361003859375 0.21879021875000002 0.18822393906249998 0.209781209375
0 0.48166023124999996 0.346203346875 0.9922779921875 0.371943371875 0.9864864859375 0.3178893171875 0.4826254828125 0.2870012859375 0.48166023124999996 0.346203346875
0 0.225868725 0.321750321875 0.45077220156250003 0.32432432499999997 0.45270270312500005 0.2870012859375 0.2297297296875 0.2767052765625 0.225868725 0.321750321875
0 0.47972972968749994 0.40797940781250003 0.9169884171874999 0.425997425 0.9111969109375 0.383526384375 0.48166023124999996 0.365508365625 0.47972972968749994 0.40797940781250003
0 0.48069498125 0.45045045000000006 0.8426640921875 0.4581724578125 0.84362934375 0.425997425 0.48069498125 0.41184041093749996 0.48069498125 0.45045045000000006
0 0.478764478125 0.4723294734375 0.7982625484375 0.48391248437499995 0.797297296875 0.446589446875 0.47779922812500003 0.4324324328125 0.478764478125 0.4723294734375
0 0.48069498125 0.5057915046875 0.7335907328125 0.5057915046875 0.7335907328125 0.4761904765625 0.47972972968749994 0.46589446562500003 0.48069498125 0.5057915046875
0 0.26447876406250004 0.3873873875 0.45077220156250003 0.383526384375 0.45077220156250003 0.359073359375 0.2693050203125 0.35649935625 0.26447876406250004 0.3873873875
0 0.2963320453125 0.41184041093749996 0.2953667953125 0.43629343593750003 0.45077220156250003 0.435006434375 0.4488417 0.41184041093749996 0.2963320453125 0.41184041093749996
0 0.31626163906250004 0.446665153125 0.31626163906250004 0.46634870156249997 0.4445832390625 0.46861987968749996 0.4445832390625 0.44742221249999997 0.31626163906250004 0.446665153125
0 0.4445832390625 0.49435990625 0.4445832390625 0.4777045953125 0.3230751765625 0.4777045953125 0.3236429703125 0.49435990625 0.4445832390625 0.49435990625
0 0.7511407515624999 0.2024102015625 0.3299403296875 0.1930501921875 0.3290628296875 0.234000234375 0.7476307484375 0.24336024374999998 0.7511407515624999 0.2024102015625
0 0.5370305375 0.783900784375 0.534398034375 0.7113607109375 0.0307125296875 0.720720721875 0.0307125296875 0.7885807890625001 0.5370305375 0.783900784375